v 0.850651 0 0.525731 
v 0.850651 0 -0.525731 
v -0.850651 0 -0.525731 
v -0.850651 0 0.525731 
v -0.525731 0.850651 0 
v 0.525731 0.850651 0 
v 0.525731 -0.850651 0 
v -0.525731 -0.850651 0 
v 0 -0.525731 -0.850651 
v 0 0.525731 0.850651 
f 6 1 2 
f 2 1 7 
f 5 3 4 
f 8 4 3 
f 10 6 5 
f 3 5 6 
f 2 9 3 
f 9 7 8 
f 4 8 7 
f 1 10 4 
f 3 6 2 
f 10 1 6 
f 10 5 4 
f 9 2 7 
f 4 7 1 
f 8 3 9 
-
u 3 5 6 
u 3 6 2 
u 2 9 3 
x 9 2 0 0.525731 -0.850651
y 3 10 9 
z 10 3 5 
u 5 9 8 
u 5 8 2 
u 2 12 5 
x 0 4 0 -0.525731 0.850651
y 5 1 12 
z 1 5 9 
